head	1.1;
branch	1.1.1;
access;
symbols
	OPENBSD_6_1:1.1.1.2.0.54
	OPENBSD_6_1_BASE:1.1.1.2
	OPENBSD_6_0:1.1.1.2.0.52
	OPENBSD_6_0_BASE:1.1.1.2
	OPENBSD_5_9:1.1.1.2.0.46
	OPENBSD_5_9_BASE:1.1.1.2
	OPENBSD_5_8:1.1.1.2.0.48
	OPENBSD_5_8_BASE:1.1.1.2
	PERL_5_20_2:1.1.1.2
	OPENBSD_5_7:1.1.1.2.0.40
	OPENBSD_5_7_BASE:1.1.1.2
	PERL_5_20_1:1.1.1.2
	OPENBSD_5_6:1.1.1.2.0.44
	OPENBSD_5_6_BASE:1.1.1.2
	PERL_5_18_2:1.1.1.2
	PERL:1.1.1
	OPENBSD_5_5:1.1.1.2.0.42
	OPENBSD_5_5_BASE:1.1.1.2
	OPENBSD_5_4:1.1.1.2.0.38
	OPENBSD_5_4_BASE:1.1.1.2
	PERL_5_16_3:1.1.1.2
	OPENBSD_5_3:1.1.1.2.0.36
	OPENBSD_5_3_BASE:1.1.1.2
	OPENBSD_5_2:1.1.1.2.0.34
	OPENBSD_5_2_BASE:1.1.1.2
	OPENBSD_5_1_BASE:1.1.1.2
	OPENBSD_5_1:1.1.1.2.0.32
	OPENBSD_5_0:1.1.1.2.0.30
	OPENBSD_5_0_BASE:1.1.1.2
	OPENBSD_4_9:1.1.1.2.0.28
	OPENBSD_4_9_BASE:1.1.1.2
	PERL_5_12_2:1.1.1.2
	OPENBSD_4_8:1.1.1.2.0.26
	OPENBSD_4_8_BASE:1.1.1.2
	OPENBSD_4_7:1.1.1.2.0.22
	OPENBSD_4_7_BASE:1.1.1.2
	PERL_5_10_1:1.1.1.2
	OPENBSD_4_6:1.1.1.2.0.24
	OPENBSD_4_6_BASE:1.1.1.2
	OPENBSD_4_5:1.1.1.2.0.20
	OPENBSD_4_5_BASE:1.1.1.2
	PERL_5_10_0:1.1.1.2
	OPENBSD_4_4:1.1.1.2.0.18
	OPENBSD_4_4_BASE:1.1.1.2
	OPENBSD_4_3:1.1.1.2.0.16
	OPENBSD_4_3_BASE:1.1.1.2
	OPENBSD_4_2:1.1.1.2.0.14
	OPENBSD_4_2_BASE:1.1.1.2
	OPENBSD_4_1:1.1.1.2.0.12
	OPENBSD_4_1_BASE:1.1.1.2
	OPENBSD_4_0:1.1.1.2.0.10
	OPENBSD_4_0_BASE:1.1.1.2
	PERL_5_8_8:1.1.1.2
	OPENBSD_3_9:1.1.1.2.0.8
	OPENBSD_3_9_BASE:1.1.1.2
	OPENBSD_3_8:1.1.1.2.0.6
	OPENBSD_3_8_BASE:1.1.1.2
	OPENBSD_3_7:1.1.1.2.0.4
	OPENBSD_3_7_BASE:1.1.1.2
	PERL_5_8_6:1.1.1.2
	OPENBSD_3_6:1.1.1.2.0.2
	OPENBSD_3_6_BASE:1.1.1.2
	PERL_5_8_5:1.1.1.2
	PERL_5_8_3:1.1.1.2
	OPENBSD_3_5:1.1.1.1.0.2
	OPENBSD_3_5_BASE:1.1.1.1
	PERL_5_8_2:1.1.1.1
	CPAN:1.1.1;
locks; strict;
comment	@# @;
expand	@o@;


1.1
date	2003.12.03.02.43.39;	author millert;	state Exp;
branches
	1.1.1.1;
next	;

1.1.1.1
date	2003.12.03.02.43.39;	author millert;	state Exp;
branches;
next	1.1.1.2;

1.1.1.2
date	2004.04.07.21.12.57;	author millert;	state Exp;
branches;
next	;


desc
@@


1.1
log
@Initial revision
@
text
@--- ../installperl	2003-08-31 11:58:48.000000000 -0500
+++ installperl	2003-09-05 02:38:40.000000000 -0500
@@@@ -3,8 +3,8 @@@@
 BEGIN {
     require 5.004;
     chdir '..' if !-d 'lib' and -d '..\lib';
-    @@INC = 'lib';
-    $ENV{PERL5LIB} = 'lib';
+#    @@INC = 'lib';
+#    $ENV{PERL5LIB} = 'lib';
 }
 
 use strict;
@@@@ -931,7 +931,7 @@@@
 		print " " if (@@opts);
 		print "$file\n";
 	    }
-	    system("strip", @@opts, $file);
+	    system("XXSTRIPXX-strip", @@opts, $file);
 	} else {
 	    print "# file '$file' skipped\n" if $verbose;
 	}
@


1.1.1.1
log
@perl 5.8.2 from CPAN
@
text
@@


1.1.1.2
log
@perl 5.8.3 from CPAN
@
text
@d6 1
a6 1
     chdir '..' if !-d 'lib' and -d '../lib';
d14 1
a14 1
@@@@ -946,7 +946,7 @@@@
@

