head	1.2;
access;
symbols
	OPENBSD_6_1:1.2.0.56
	OPENBSD_6_1_BASE:1.2
	OPENBSD_6_0:1.2.0.54
	OPENBSD_6_0_BASE:1.2
	OPENBSD_5_9:1.2.0.50
	OPENBSD_5_9_BASE:1.2
	OPENBSD_5_8:1.2.0.52
	OPENBSD_5_8_BASE:1.2
	OPENBSD_5_7:1.2.0.48
	OPENBSD_5_7_BASE:1.2
	OPENBSD_5_6:1.2.0.46
	OPENBSD_5_6_BASE:1.2
	OPENBSD_5_5:1.2.0.44
	OPENBSD_5_5_BASE:1.2
	OPENBSD_5_4:1.2.0.42
	OPENBSD_5_4_BASE:1.2
	OPENBSD_5_3:1.2.0.40
	OPENBSD_5_3_BASE:1.2
	OPENBSD_5_2:1.2.0.38
	OPENBSD_5_2_BASE:1.2
	OPENBSD_5_1_BASE:1.2
	OPENBSD_5_1:1.2.0.36
	OPENBSD_5_0:1.2.0.34
	OPENBSD_5_0_BASE:1.2
	OPENBSD_4_9:1.2.0.32
	OPENBSD_4_9_BASE:1.2
	OPENBSD_4_8:1.2.0.30
	OPENBSD_4_8_BASE:1.2
	OPENBSD_4_7:1.2.0.28
	OPENBSD_4_7_BASE:1.2
	OPENBSD_4_6:1.2.0.26
	OPENBSD_4_6_BASE:1.2
	OPENBSD_4_5:1.2.0.24
	OPENBSD_4_5_BASE:1.2
	OPENBSD_4_4:1.2.0.22
	OPENBSD_4_4_BASE:1.2
	OPENBSD_4_3:1.2.0.20
	OPENBSD_4_3_BASE:1.2
	OPENBSD_4_2:1.2.0.18
	OPENBSD_4_2_BASE:1.2
	OPENBSD_4_1:1.2.0.16
	OPENBSD_4_1_BASE:1.2
	OPENBSD_4_0:1.2.0.14
	OPENBSD_4_0_BASE:1.2
	OPENBSD_3_9:1.2.0.12
	OPENBSD_3_9_BASE:1.2
	OPENBSD_3_8:1.2.0.10
	OPENBSD_3_8_BASE:1.2
	OPENBSD_3_7:1.2.0.8
	OPENBSD_3_7_BASE:1.2
	OPENBSD_3_6:1.2.0.6
	OPENBSD_3_6_BASE:1.2
	OPENBSD_3_5:1.2.0.4
	OPENBSD_3_5_BASE:1.2
	OPENBSD_3_4:1.2.0.2
	OPENBSD_3_4_BASE:1.2
	OPENBSD_3_3:1.1.1.1.0.10
	OPENBSD_3_3_BASE:1.1.1.1
	OPENBSD_3_2:1.1.1.1.0.8
	OPENBSD_3_2_BASE:1.1.1.1
	OPENBSD_3_1:1.1.1.1.0.6
	OPENBSD_3_1_BASE:1.1.1.1
	OPENBSD_3_0:1.1.1.1.0.4
	OPENBSD_3_0_BASE:1.1.1.1
	OPENBSD_2_9_TRACKING_SWITCH:1.1.1.1
	OPENBSD_2_9:1.1.1.1.0.2
	OPENBSD_2_9_BASE:1.1.1.1
	wilfried_20010206:1.1.1.1
	wilfried:1.1.1;
locks; strict;
comment	@# @;


1.2
date	2003.08.04.13.31.28;	author wilfried;	state Exp;
branches;
next	1.1;

1.1
date	2001.02.06.11.56.54;	author wilfried;	state Exp;
branches
	1.1.1.1;
next	;

1.1.1.1
date	2001.02.06.11.56.54;	author wilfried;	state Exp;
branches;
next	;


desc
@@


1.2
log
@use an mp3 player with a better license
@
text
@$OpenBSD: patch-main_c,v 1.1.1.1 2001/02/06 11:56:54 wilfried Exp $
--- main.c.orig	2000-04-03 02:11:46.000000000 +0200
+++ main.c	2003-08-04 15:05:48.000000000 +0200
@@@@ -125,7 +125,7 @@@@ void loadconfig()
     errno = 0;
 
     /* set defualts in case anything fails */
-    set_mpg123("/usr/local/bin/mpg123");
+    set_mpg123("/usr/local/bin/madplay");
     set_mp3ext(".mp3");
     set_playlistext(".m3u");
 
@@@@ -230,7 +230,7 @@@@ int check_options(int argc, char *argv[]
     return option_entered;
 }
 
-void main(int argc, char *argv[])
+int main(int argc, char *argv[])
 {
     struct coord pos[] = {
 	{35, 34, 12, 11},	/* stop */
@


1.1
log
@Initial revision
@
text
@d1 12
a12 3
$OpenBSD: $
--- main.c.orig	Mon Apr  3 02:11:46 2000
+++ main.c	Mon Feb  5 20:17:37 2001
@


1.1.1.1
log
@Import of wmmp3-0.12

wmmp3 is an mpg123 frontend.  It is a small X application
that will also work as a Window Maker dockapp.

ok naddy@@
@
text
@@
