head	1.4;
access;
symbols
	OPENBSD_6_1:1.3.0.54
	OPENBSD_6_1_BASE:1.3
	OPENBSD_6_0:1.3.0.52
	OPENBSD_6_0_BASE:1.3
	OPENBSD_5_9:1.3.0.48
	OPENBSD_5_9_BASE:1.3
	OPENBSD_5_8:1.3.0.50
	OPENBSD_5_8_BASE:1.3
	OPENBSD_5_7:1.3.0.46
	OPENBSD_5_7_BASE:1.3
	OPENBSD_5_6:1.3.0.44
	OPENBSD_5_6_BASE:1.3
	OPENBSD_5_5:1.3.0.42
	OPENBSD_5_5_BASE:1.3
	OPENBSD_5_4:1.3.0.40
	OPENBSD_5_4_BASE:1.3
	OPENBSD_5_3:1.3.0.38
	OPENBSD_5_3_BASE:1.3
	OPENBSD_5_2:1.3.0.36
	OPENBSD_5_2_BASE:1.3
	OPENBSD_5_1_BASE:1.3
	OPENBSD_5_1:1.3.0.34
	OPENBSD_5_0:1.3.0.32
	OPENBSD_5_0_BASE:1.3
	OPENBSD_4_9:1.3.0.30
	OPENBSD_4_9_BASE:1.3
	OPENBSD_4_8:1.3.0.28
	OPENBSD_4_8_BASE:1.3
	OPENBSD_4_7:1.3.0.26
	OPENBSD_4_7_BASE:1.3
	OPENBSD_4_6:1.3.0.24
	OPENBSD_4_6_BASE:1.3
	OPENBSD_4_5:1.3.0.22
	OPENBSD_4_5_BASE:1.3
	OPENBSD_4_4:1.3.0.20
	OPENBSD_4_4_BASE:1.3
	OPENBSD_4_3:1.3.0.18
	OPENBSD_4_3_BASE:1.3
	OPENBSD_4_2:1.3.0.16
	OPENBSD_4_2_BASE:1.3
	OPENBSD_4_1:1.3.0.14
	OPENBSD_4_1_BASE:1.3
	OPENBSD_4_0:1.3.0.12
	OPENBSD_4_0_BASE:1.3
	OPENBSD_3_9:1.3.0.10
	OPENBSD_3_9_BASE:1.3
	OPENBSD_3_8:1.3.0.8
	OPENBSD_3_8_BASE:1.3
	OPENBSD_3_7:1.3.0.6
	OPENBSD_3_7_BASE:1.3
	OPENBSD_3_6:1.3.0.4
	OPENBSD_3_6_BASE:1.3
	OPENBSD_3_5:1.3.0.2
	OPENBSD_3_5_BASE:1.3
	OPENBSD_3_4:1.2.0.6
	OPENBSD_3_4_BASE:1.2
	OPENBSD_3_3:1.2.0.4
	OPENBSD_3_3_BASE:1.2
	OPENBSD_3_2:1.2.0.2
	OPENBSD_3_2_BASE:1.2
	OPENBSD_3_1:1.1.1.1.0.6
	OPENBSD_3_1_BASE:1.1.1.1
	OPENBSD_3_0:1.1.1.1.0.4
	OPENBSD_3_0_BASE:1.1.1.1
	OPENBSD_2_9_TRACKING_SWITCH:1.1.1.1
	OPENBSD_2_9:1.1.1.1.0.2
	OPENBSD_2_9_BASE:1.1.1.1
	kevlo_2001-Jan-19:1.1.1.1
	kevlo:1.1.1;
locks; strict;
comment	@# @;


1.4
date	2017.05.03.16.20.01;	author fcambus;	state dead;
branches;
next	1.3;
commitid	4XmEbFBZovtEd2xY;

1.3
date	2004.03.04.07.28.05;	author kevlo;	state Exp;
branches;
next	1.2;

1.2
date	2002.09.29.16.10.09;	author naddy;	state Exp;
branches;
next	1.1;

1.1
date	2001.01.19.03.00.58;	author kevlo;	state Exp;
branches
	1.1.1.1;
next	;

1.1.1.1
date	2001.01.19.03.00.58;	author kevlo;	state Exp;
branches;
next	;


desc
@@


1.4
log
@Remove net/quirc.

Our quirc port is from 2004, and there is no upstream anymore.

There are plenty of choices regarding maintained IRC clients in the
ports tree.

OK jca@@, landry@@
@
text
@$OpenBSD: patch-Makefile.in,v 1.3 2004/03/04 07:28:05 kevlo Exp $
--- Makefile.in.orig	2004-01-13 07:23:10.000000000 +0000
+++ Makefile.in	2004-03-04 14:57:31.000000000 +0000
@@@@ -225,7 +225,7 @@@@ BUILT_SOURCES = tags.cc
 generate_tags_SOURCES = generate_tags.cc
 
 # Documentation
-docdir = $(prefix)/doc/@@PACKAGE@@
+docdir = $(prefix)/share/doc/@@PACKAGE@@
 doc_DATA = FAQ AUTHORS COPYING ChangeLog INSTALL NEWS README ChangeLog.themes
 
 # RPM and spec file generation
@


1.3
log
@upgrade to quirc 0.9.84
@
text
@d1 1
a1 1
$OpenBSD: patch-Makefile.in,v 1.2 2002/09/29 16:10:09 naddy Exp $
@


1.2
log
@Fix build with gcc3.
@
text
@d1 5
a5 4
$OpenBSD$
--- Makefile.in.orig	Wed Jul 25 04:17:39 2001
+++ Makefile.in	Sun Sep 29 18:08:05 2002
@@@@ -93,7 +93,7 @@@@ generate_tags_SOURCES = generate_tags.cc
a7 1
 
@


1.1
log
@Initial revision
@
text
@d1 4
a4 3
--- Makefile.in.orig	Wed Aug  2 10:24:59 2000
+++ Makefile.in	Wed Jan 17 17:17:46 2001
@@@@ -93,7 +93,7 @@@@
@


1.1.1.1
log
@Initial import of quirc-0.9.79
quirc is an irc client that uses Tcl/Tk.
@
text
@@
